<?xml version="1.0"?>
<opencv_storage>
<intrinsic type_id="opencv-matrix">
  <rows>3</rows>
  <cols>3</cols>
  <dt>d</dt>
  <data>
    9.9400624945514244e+02 0. 6.5896114136342874e+02 0.
    9.9567463963414912e+02 3.4524509742038350e+02 0. 0. 1.</data></intrinsic>
<distortion type_id="opencv-matrix">
  <rows>1</rows>
  <cols>5</cols>
  <dt>d</dt>
  <data>
    8.3671453698032930e-02 -1.2989940160622240e+00
    6.1039694811381769e-03 5.2164912131261168e-03 3.0591918177339354e+00</data></distortion>
</opencv_storage>
